%YAML:1.0
---
R: !!opencv-matrix
   rows: 3
   cols: 3
   dt: f
   data: [ 1, 0., 0.,
           0., 1, 0.,
           0., 0., 1 ]
T: !!opencv-matrix
   rows: 1
   cols: 3
   dt: f
   data: [ -4.0e+0, 0., 0. ]
M2: !!opencv-matrix
   rows: 3
   cols: 3
   dt: f
   data: [ 1.3213265766005845e+03, 0., 9.595e+02,
           0., 1.3213265766005845e+03, 5.395e+02, 
           0., 0., 1. ]
D2: !!opencv-matrix
   rows: 1
   cols: 5
   dt: f
   data: [ -2.4421905684571191e-01, 1.3270827741854857e-01, -6.2157311747526771e-03, -5.1178343039533598e-03, -3.0336697108622151e-03 ]
alpha1: 0.
M1: !!opencv-matrix
   rows: 3
   cols: 3
   dt: f
   data: [ 1.3213265766005845e+03, 0., 9.595e+02,
           0., 1.3213265766005845e+03, 5.395e+02, 
           0., 0., 1. ]
D1: !!opencv-matrix
   rows: 1
   cols: 5
   dt: f
   data: [ -2.4251738877335710e-01, 2.1998974088366302e-01, 8.8039395821833262e-06, -1.1748945729967940e-02, -4.9165046585869054e-01 ]
alpha2: 0.
